L1=46.368170782322316
L2=27.5500624955463
L3=20.446613114877188
R1=10.0
R2=10.0
R3=10.0
R_joint=15.0
FlexAngle1=10.0
FlexAngle2=10.0